countInterval-100-N-100000
1    -0.0040952023227437415
2    0.005999593474685638
3    -0.0020883793434196417
4    0.00485774470526777
5    -0.005074593657023755
6    0.002389290338316865
7    0.0020313060171093934
8    0.0035298158995901887
9    -0.0013729433113256835
10    0.0037747363873433092
11    0.0015720498334554185
12    -0.001572014525785248
13    -7.96084217642911E-4
14    -0.0011930435903289625
15    -0.0013235711801658895
16    -0.0010432294105434657
17    -0.0029810080082932617
18    0.0027521258492634614
19    -0.00451530506425346
20    0.0016535048502138295
21    0.0067526335956180706
22    -1.7092289592355602E-4
23    0.0020516037228947457
24    -0.0012115994874417487
25    -0.0042187609053850285
26    -0.003855961177300385
27    -0.0048001144353751485
28    0.005481328078169302
29    -0.0031235816212708016
