countInterval-1000-N-100000
1    0.004795439483889147
2    -0.004390538801268051
3    -0.003990860129955697
4    -0.0016108578640037113
5    -0.001740512700098869
6    0.002398183148202096
7    0.002567639039218104
8    0.0034746280318587474
9    6.573676574031208E-5
10    0.002937823875312639
11    -0.0028786852283767465
12    0.0031940431478558722
13    -9.309172233775061E-4
14    0.0032003101011742474
15    8.956082609508496E-5
16    -0.0032150509849943696
17    0.001983028240626993
18    -0.0023353360217474813
19    0.004054101706043097
20    0.0016782341953873131
21    -0.001240365284358359
22    0.0010163377621515276
23    0.0016000590060641165
24    -0.004361183257288957
25    0.001301903157477482
26    7.787360098644234E-4
27    -0.004277690635578444
28    -0.001235963999279972
29    5.309038004101444E-4
