countInterval-100-N-1000000
1    4.654748967574019E-5
2    0.0014061376031893826
3    -9.135540846050436E-4
4    9.954335396086915E-4
5    7.001327471805825E-4
6    -7.870877838794622E-4
7    -0.0019304677529565003
8    -5.554418496962576E-6
9    0.0013235907904939768
10    6.410146490791487E-4
11    6.027145537189235E-4
12    0.001121082714855343
13    2.3707069232670327E-4
14    2.7122030995733754E-4
15    0.0017347053615631544
16    0.001203272714239103
17    0.0011166995601434276
18    4.3573085069178606E-4
19    1.1355445537724075E-4
20    -0.0013959634797064112
21    2.4103135713323935E-4
22    -0.0011543890209387297
23    -0.0014075879121489639
24    0.002202894552621831
25    -2.8173552873386114E-4
26    -6.514509539899822E-4
27    3.3685453930540614E-4
28    3.5302450620066945E-4
29    8.985090740644802E-4
