countInterval-1000-N-1000000
1    7.236188672148565E-4
2    -9.479816120027922E-4
3    -0.001416942792461976
4    -1.7577298193531817E-4
5    -0.0017281924184286183
6    7.554251398127912E-4
7    -5.092991072405181E-4
8    0.0015098457638163738
9    -5.706570362890279E-4
10    0.001539557201500116
11    -0.001289609032496747
12    -3.5044899733940274E-4
13    -8.351905906681746E-4
14    0.0018840093504195513
15    6.413541279754161E-4
16    -2.5921995455973213E-4
17    -8.50723919811339E-4
18    -1.322020035449028E-4
19    -5.575350390599047E-4
20    -0.001150120807394135
21    -2.383844671279851E-4
22    -4.55357949040213E-4
23    -5.533183230863198E-5
24    8.591188765819966E-4
25    -0.0011020079769154965
26    3.7999902203949453E-4
27    -5.4254342146270496E-5
28    4.0438385878636E-4
29    9.413440310202807E-4
