countInterval-100-N-1000000
1    8.325956262637365E-4
2    6.379594731221483E-4
3    -4.2322748294549304E-4
4    0.0018810704394649578
5    -0.0013256380271031616
6    -0.0011083131460819158
7    -0.0012626188627250221
8    -0.002175213569993831
9    -0.0012912282714975978
10    -3.8228398970768476E-4
11    2.7329581238831813E-4
12    -3.808479837952239E-5
13    0.0011328706880170635
14    -4.45867233649602E-5
15    -0.0011423674161841675
16    7.379338112451589E-4
17    0.002114953175642195
18    -7.767605509596475E-4
19    -4.2472453733529336E-4
20    -0.0017071503508898419
21    0.0025582734931063732
22    -0.0010282771342471058
23    -6.645240198709169E-4
24    0.0025697023017473555
25    9.596296921937296E-4
26    -5.000818183234501E-4
27    0.0016437737242223974
28    -3.4487140961547073E-4
29    5.161456916282527E-4
