countInterval-1000-N-1000000
1    -0.001115837718166173
2    -8.95147080391734E-4
3    -8.615920505629707E-4
4    5.090373507902255E-4
5    -6.347366417007754E-5
6    5.105081622887382E-4
7    -0.0011570390805324645
8    0.003724415358949501
9    -2.6926323231208797E-4
10    0.001991815760792003
11    0.001559662719706718
12    -0.0010221687638078882
13    -8.130098344185144E-4
14    0.0017012860785131055
15    -0.0013285048614222023
16    -0.0013570656094016179
17    4.7339188595504244E-4
18    7.144045193419595E-4
19    -6.268800225058359E-4
20    0.0012011037075487702
21    4.540990023250259E-4
22    5.4519785137438595E-5
23    3.5454024086573917E-4
24    6.964695331094581E-4
25    3.74853010795732E-4
26    -8.36009977144342E-4
27    0.0013472779208095597
28    0.0012080382034658577
29    0.0014243139049632798
