countInterval-100-N-100000
1    -8.748588772490127E-4
2    0.00397367239434774
3    0.0035676035257882367
4    2.316963500028625E-4
5    0.0017764135087520077
6    0.002350795324177294
7    0.001720985561149209
8    -5.402735077441519E-5
9    0.0014263162376410659
10    0.0012783090824296606
11    0.0013412234677416936
12    -0.002346027675570877
13    -0.0010325586258189568
14    0.001954337672670311
15    -0.0065243694312567746
16    -0.0021153535001014983
17    -0.0010083386830634065
18    -0.006097009308686905
19    0.0012594967029420346
20    0.00882691675293288
21    8.077912625142129E-4
22    -9.304582174859212E-4
23    0.009548213655920975
24    -8.475559142985116E-5
25    0.0035209686428357757
26    4.5114837654779594E-4
27    -0.002024310692484412
28    0.0013437404009023276
29    -6.378578691814584E-5
