countInterval-1000-N-100000
1    0.0017693969474218783
2    -0.002445824253737634
3    -0.0018557855209189785
4    0.0011953583242680411
5    -0.003311843637172192
6    -0.003096544539691883
7    -0.0013572379314775829
8    0.004375495650741495
9    -0.0018816780673121495
10    0.002342382110765303
11    0.001122298460018427
12    3.4761430436156264E-4
13    -0.004321864215539747
14    -0.005286437688036183
15    -5.227084725178068E-4
16    -0.003496141812829257
17    -0.0013481049968270939
18    -0.0011809052816851506
19    -0.0047953081591934005
20    0.0034744867924409936
21    0.002963895191145879
22    0.004734599696252707
23    0.0052187952062994775
24    0.0015032916692361805
25    -0.005504375554813806
26    7.004756749891074E-4
27    0.004922477742227602
28    -0.0035979863156395293
29    -0.0026047528104498298
