countInterval-100-N-1000000
1    0.0013486756222790893
2    -1.9651131423565696E-4
3    6.303378989604665E-5
4    0.0010066830918761653
5    -2.4360140565439893E-4
6    -1.3876234820388362E-4
7    0.0010965318841502523
8    9.236138836130712E-4
9    0.002363940954986554
10    -2.0330900417824292E-4
11    7.273157648566174E-4
12    -0.0011842753041295347
13    3.9799383022162395E-4
14    -8.586593939463146E-5
15    2.3396395418661054E-4
16    -5.529495908687993E-4
17    -0.0011843620445247238
18    0.0015708371886978287
19    -0.0011252723641523392
20    1.9478868598696254E-4
21    0.0029172129302381935
22    -0.0010269966666726256
23    -0.0010024083259510673
24    1.349969262495773E-4
25    -0.001604164334284075
26    -1.271849221108157E-4
27    -5.479770568177795E-4
28    5.292155257571639E-4
29    9.419316811276508E-4
