countInterval-1000-N-1000000
1    -5.770235743456454E-4
2    7.045378309467211E-4
3    -6.400762192280861E-5
4    -0.0014674825009864242
5    -8.695338794689361E-4
6    4.566091450893186E-4
7    -5.548010777361082E-4
8    -8.575817147808091E-4
9    -7.76505006021566E-5
10    -7.355830406058663E-4
11    8.313853930788967E-4
12    9.328937116910008E-4
13    -7.857937263078382E-5
14    -7.050336724903863E-4
15    0.0010160385535754836
16    -1.6487420963379697E-4
17    -6.36388232647802E-4
18    -9.67359753904756E-4
19    0.001843839040221027
20    0.0015448050403939508
21    -1.407201401681805E-4
22    -5.560596786553144E-4
23    -9.114782378840514E-4
24    0.001301048625424759
25    6.883879395399104E-4
26    6.827276873471405E-4
27    -0.0022067014642642322
28    1.981483479784251E-4
29    2.0713099324738192E-4
