countInterval-100-N-100000
1    4.414213387738211E-4
2    -0.0038578638968776633
3    0.0012819912453560158
4    -0.0010100049442844424
5    0.0026331670902547334
6    0.00529521464293155
7    0.003795771952316573
8    -9.180017146863308E-4
9    0.0037394123228976545
10    -1.00356547662201E-4
11    -0.003812683268078343
12    -0.002899782346405717
13    -9.82011790479768E-4
14    0.0023215123454041428
15    -0.0021837061131714766
16    -0.005543479887011314
17    -0.0027412695052181205
18    0.0016054297094927263
19    0.004510827521757168
20    0.005760669464518052
21    -7.880817625759802E-4
22    4.596495444003093E-4
23    0.0036875857516110795
24    0.0027300076984215858
25    0.005346899869609049
26    0.0021967310710617584
27    -0.0022514262083374705
28    -0.0056527291434474965
29    0.001394983913269265
