countInterval-1000-N-100000
1    1.220890777001576E-4
2    0.004451428625539646
3    -0.005019194621392397
4    -0.006463630473374066
5    -2.7784610159313847E-4
6    -5.462543520940277E-4
7    -4.7649433650922125E-4
8    -0.003956551395137491
9    -0.0036570123302187172
10    0.004882646891013785
11    0.008916739807170148
12    0.0033659941428429018
13    5.540185914636907E-4
14    7.371594338399941E-4
15    0.0024323668199915166
16    -0.00717365236506725
17    0.007351527909545938
18    0.0019214996915814884
19    -5.036494329322497E-4
20    -0.00200916228817899
21    -0.0022277262379040105
22    -0.0038299000264885295
23    -0.004264892416309091
24    0.00363841768956263
25    6.408311392084863E-5
26    0.0011772381587242628
27    0.005365179000215447
28    9.562283074764557E-4
29    0.0014189028522071465
