"mu = 1 1/hours"    "mu = 10 1/hours"    "mu = 100 1/hours"    "mu = 1000 1/hours"    
65527    195.758894286961    7.327170660117935E10    6.892146081629674E19    6.851467895570848E28    
65528    127.27493065941691    4.801275118355479E9    4.5162165629094771E17    4.48956136793071E25    
65529    82.40071656250275    3.146179558555978E8    2.959386389343323E15    2.9419197731776368E22    
65530    52.99636555624244    2.0616599929261472E7    1.9392563070727844E13    1.927810608165574E19    
65531    33.72851834900566    1351005.6933645045    1.2707946580246962E11    1.2632942915309006E16    
65532    21.102635359286907    88532.65409186936    8.327644473401636E8    8.278493821831145E12    
65533    12.828979003647895    5801.621887948384    5457271.9663095595    5.425062571321385E9    
65534    7.4072148104605775    380.09768718292145    35763.13037681645    3555206.2538640434    
65535    3.854244153887235    24.80932183184557    234.36009861142892    2329.8678664072627    
65536    1.5258789062499998    1.5258789062499998    1.5258789062499998    1.5258789062499998    
